---
startPose:
  x: -60.0
  y: -25.0
  heading: 0.0
startTangent: 0.0
waypoints:
- position:
    x: -30.0
    y: -20.0
  heading: 5.235987755982989
  tangent: 0.7853981633974483
  interpolationType: "SPLINE"
resolution: 0.25
version: 1
