---
startPose:
  x: -10.0
  y: -5.0
  heading: 3.141592653589793
startTangent: 1.5707963267948966
waypoints:
- position:
    x: 5.0
    y: -55.0
  heading: 0.0
  tangent: 3.141592653589793
  interpolationType: "SPLINE"
- position:
    x: -40.0
    y: -40.0
  heading: -0.8726646259971648
  tangent: 3.141592653589793
  interpolationType: "SPLINE"
- position:
    x: 0.0
    y: -50.0
  heading: 0.8726646259971648
  tangent: 1.5707963267948966
  interpolationType: "SPLINE"
- position:
    x: 10.0
    y: -20.0
  heading: 0.0
  tangent: 0.0
  interpolationType: "SPLINE"
resolution: 0.25
version: 1
