---
startPose:
  x: -21.0
  y: -42.0
  heading: 4.1887902047863905
startTangent: 0.0
waypoints:
- position:
    x: 40.0
    y: -35.0
  heading: 4.1887902047863905
  tangent: 0.0
  interpolationType: "TANGENT"
resolution: 0.25
version: 1
